
S =

     1


counter =

     1


ans =

    'D:\20200207\20200207_0d_F1-2-1_H3K4me2-AF488-XistInt-CY5-Tsix5Int-TMR_img_1/\20200207_0d_F1-2-1_H3K4me2-AF488-XistInt-CY5-Tsix5Int-TMR_img_1_MMStack.ome.tif'


ij =

     2

  Name                       Size                      Bytes  Class     Attributes

  AF594_ims               2048x2048x81            2717908992  double              
  AF594im                    1x81                        648  double              
  AF700_ims                  1x1                           8  double              
  CY5_ims                 2048x2048x81            2717908992  double              
  CY5im                      1x81                        648  double              
  CY7_ims                    1x1                           8  double              
  GFP_ims                    1x1                           8  double              
  ImSt                       1x1                           8  double              
  ManTh                      1x1                           8  double              
  S                          1x1                           8  double              
  Seg_thres                  1x1                           8  double              
  TMR_ims                 2048x2048x81            2717908992  double              
  TMRim                      1x81                        648  double              
  TRANS_ims                  1x1                           8  double              
  YFP_ims                    1x1                           8  double              
  Ych                        1x9                          72  double              
  Yim                        1x1                           8  double              
  Yth                        1x1                           8  double              
  Ywin                       1x1                           8  double              
  ans                        1x156                       312  char                
  cells                      1x1                           8  double              
  ch                         1x1                           8  double              
  chi                        1x1                           8  double              
  counter                    1x1                           8  double              
  file_type                  1x8                          16  char                
  fish_dir                   1x76                        152  char                
  h                          1x1                           2  char                
  i                          1x1                           8  double              
  ij                         1x1                           8  double              
  im_num                     1x1                           8  double              
  im_prefixes                1x1                         230  cell                
  im_size                    1x2                          16  double              
  images1                    1x1                         416  cell                
  img_read                   1x1                           8  double              
  img_stacks                 1x2                          16  double              
  max_int_spot_th            1x1                           8  double              
  max_int_thres              1x1                           8  double              
  node_num                   1x1                           8  double              
  outfile_prefix_RNA         1x1                           8  double              
  outfile_prefix_seg         1x1                           8  double              
  segment_mode               1x5                          10  char                
  stack                      1x405                3397922972  struct              
  thA                        1x3                          24  double              
  ths                        1x9                          72  double              
  trans_plane                1x1                           8  double              

Output directory argument is invalid.

ans = 

  <a href="matlab:helpPopup RNASpotsRun" style="font-weight:bold">RNASpotsRun</a> with properties:

               img_name: []
               tif_path: []
                out_dir: []
           cellseg_path: []
              ctrl_path: []
               bkg_path: []
        bkg_filter_stem: []
               out_stem: []
              ctrl_stem: []
                 rna_ch: []
               light_ch: []
               total_ch: []
                ctrl_ch: []
           ctrl_chcount: []
           idims_sample: []
             idims_ctrl: []
                  t_min: []
                  t_max: []
                  ztrim: []
             ztrim_auto: []
          ttune_winsize: []
     ttune_wscorethresh: []
    intensity_threshold: []
       overwrite_output: []

Output directory argument is invalid.

ans = 

  <a href="matlab:helpPopup RNASpotsRun" style="font-weight:bold">RNASpotsRun</a> with properties:

               img_name: []
               tif_path: []
                out_dir: []
           cellseg_path: []
              ctrl_path: []
               bkg_path: []
        bkg_filter_stem: []
               out_stem: []
              ctrl_stem: []
                 rna_ch: []
               light_ch: []
               total_ch: []
                ctrl_ch: []
           ctrl_chcount: []
           idims_sample: []
             idims_ctrl: []
                  t_min: []
                  t_max: []
                  ztrim: []
             ztrim_auto: []
          ttune_winsize: []
     ttune_wscorethresh: []
    intensity_threshold: []
       overwrite_output: []

Output directory argument is invalid.

